ARMA_MAT_TXT_FN008
630 1
   1.0892870170611470e-02
   4.7231341650251696e-02
   1.5270612512897476e-03
   2.0356647802478398e-03
   1.6104388789877956e-03
   4.6232894558567570e-04
   3.7811754161064731e-04
   1.9960604070912674e-03
   1.0034497493460067e-03
   9.1215124701664427e-04
   1.3486331280159250e-03
   2.8427602163649439e-03
   1.4065805792660684e-02
   1.4020781873703739e-02
   9.0944147411645762e-03
   2.9402286631439619e-02
   7.7058437294812876e-02
   2.0096509604060491e-02
   5.3200762905293436e-02
   6.7627593825886666e-03
   1.1404391916538994e-02
   1.3589719538504831e-02
   1.1458587374542726e-02
   1.9700048984356271e-02
   1.0304224119063253e-02
   1.8787897737339628e-02
   1.5261857861989182e-02
   4.2209924022136762e-03
   5.6826022157604556e-03
   7.4764718756839569e-03
   1.1353531563643186e-02
   2.1450562277876790e-02
   3.6213405038093151e-02
   4.5957331499025526e-02
   1.1315594743040574e-02
   8.6909920895475723e-02
   1.3715619756328884e-03
   3.4364089255750452e-03
   9.3883208788001957e-04
   2.8848659183524581e-04
   8.9339128078458352e-04
   1.2431604289778945e-03
   1.3065274260284109e-03
   7.8583414105410168e-04
   1.4094987962355002e-03
   6.5626530761133516e-03
   1.3230361963126245e-02
   1.1357283556889598e-02
   5.1215958477941408e-02
   5.9037613732295283e-02
   5.8002063596285527e-02
   7.1237845105212140e-03
   3.4610053257459694e-02
   8.5391197406955773e-03
   1.3118635942010860e-02
   1.4072059114738038e-02
   1.0924553669136729e-02
   2.3688000917153906e-02
   3.2075373375439038e-02
   3.1549260544664351e-02
   1.2552084961802623e-02
   6.5067900655556600e-03
   9.5029651168850125e-03
   1.0708188725260295e-02
   2.5213811504028183e-02
   4.9749762894871236e-02
   6.3861843270904328e-02
   7.2453490917049682e-02
   1.9209788533491749e-02
   1.2041063481641288e-01
   4.7112528530781975e-03
   1.4125003908326298e-02
   2.2190955611835453e-03
   1.8197167245098960e-03
   1.0237105128766324e-02
   3.0824708959968318e-03
   2.7172768866793816e-03
   3.6298450218345164e-03
   1.1368539536628834e-02
   9.2286527217584347e-03
   4.6479692336553795e-02
   6.5886668959551434e-02
   3.9132455783801812e-02
   2.0440859206453429e-02
   1.2621705280930495e-02
   4.4406924511980325e-03
   7.8629271800644100e-03
   1.4764093424631836e-02
   8.5607979238970702e-03
   9.4041626280628246e-03
   1.5659152257970380e-02
   2.1490583539171850e-02
   4.2906544101553951e-02
   2.4795255812983981e-02
   1.2992318836048317e-02
   9.3562204921364481e-03
   1.4073726667291999e-02
   4.6208715046535141e-02
   5.8080438566321689e-02
   6.1211268486383391e-02
   2.6948066160147579e-02
   3.1446706062595753e-02
   3.1624717297731086e-02
   3.5446330863271112e-02
   9.5283952933329173e-03
   4.3698214676546913e-03
   1.1040448571637015e-02
   4.2380848158917756e-03
   5.5083429738715358e-03
   5.4583163972527068e-03
   1.0022824625582341e-02
   3.7517014247152133e-02
   6.5622361879748611e-02
   6.0544247464799007e-02
   1.6098135467800603e-02
   5.2339888899311092e-02
   9.3487165056436224e-03
   5.0389269299315259e-03
   7.7770482235354202e-03
   1.9573731878393730e-02
   9.5971818361838060e-03
   1.1637432385955038e-02
   1.9008014674462476e-02
   4.4548666479067002e-02
   6.2163440994695097e-02
   6.2371051287663237e-02
   2.8676484382328112e-02
   1.7071986159313803e-02
   2.4580558421661507e-02
   6.6416950671711009e-02
   9.3442974913756263e-02
   9.8705770774057053e-02
   1.9772587520453574e-02
   1.3587218209673889e-02
   1.1436533992016593e-01
   1.7590595003595659e-02
   1.2141450145389738e-02
   1.8699100563841206e-02
   9.4729491709137151e-03
   7.7282723113320621e-03
   1.0113706239773214e-02
   2.7171101314239856e-02
   4.9651377294187539e-02
   4.4454032871629717e-02
   1.0424287902948441e-02
   1.3568041355303338e-02
   1.4914173154488322e-02
   9.5358992798257412e-03
   2.3212331551136539e-03
   6.9716203399722773e-03
   1.9950598755588907e-02
   5.7367976737641869e-03
   7.1337898258449798e-03
   1.0988337554325735e-02
   2.3320305579005513e-02
   2.9549031256188182e-02
   2.4575138875861133e-02
   3.3935111361243997e-02
   1.7319617713577005e-02
   2.6492824312916236e-02
   6.5681559995414224e-02
   6.9230528718381645e-02
   6.4508019885564205e-02
   1.5772962719778214e-02
   1.5107192362609302e-02
   1.7867658860436272e-01
   3.6289695567436865e-02
   7.8609261169996558e-02
   1.7239158302848390e-02
   1.9679204577431761e-02
   2.7173602643070800e-02
   4.3523955434657993e-02
   5.0681090996258428e-02
   1.7666468644800884e-02
   1.8099615420692244e-02
   1.6272811597828014e-02
   1.2156875006513877e-02
   7.4452052652971895e-03
   1.9039281284849243e-03
   5.5329393740424599e-03
   1.3906137635618923e-02
   4.2243275073215979e-03
   7.0862645780570927e-03
   9.9907242389185927e-03
   2.5784531365621321e-02
   2.5282181158740581e-02
   3.2480588646051550e-02
   3.3381483913328958e-02
   2.6321900176135237e-02
   3.2022011693712285e-02
   7.3486539724228500e-02
   2.5154613388362567e-02
   2.5275927836663228e-02
   9.2715922000229292e-03
   3.7111382088401128e-03
   1.5246808200189685e-01
   1.2032892474126880e-01
   3.3423589615316468e-02
   1.8577369227402059e-02
   1.9437409457107421e-02
   9.3237032173342088e-03
   1.4752420556754109e-02
   9.3599724853828600e-03
   4.4327715765667174e-03
   8.3519369665134603e-03
   5.6367445205265298e-03
   4.8563299252728015e-03
   4.0713295604956797e-03
   3.3480286402151143e-03
   7.3993475700632628e-03
   1.5612460786459473e-03
   1.9072632335928462e-03
   3.6569427508363816e-03
   9.6930661080365608e-03
   7.6503142294343874e-03
   7.9971651606582667e-03
   6.3492063492063492e-03
   8.2264536368278976e-03
   1.5127202993256834e-02
   5.8822082564695830e-02
   1.2298616973600558e-02
   1.2908107432073289e-02
   7.9542256823937722e-03
   1.5091350613346674e-03
   2.2614847471052330e-01
   2.8643133331248894e-02
   3.8728074289466279e-02
   2.2181367184650178e-02
   9.4771180522986165e-03
   3.7578296803510197e-03
   3.9962896955674371e-03
   6.1595222461932903e-03
   5.1398138594461644e-03
   1.7917852192310499e-03
   1.1518619266485321e-03
   1.0443047869180503e-03
   9.7343380337470953e-04
   2.7439577275427569e-03
   9.7093247454376808e-04
   1.4762008983939384e-03
   1.9898070850139136e-03
   2.9465653628490134e-03
   2.9515680205108963e-03
   4.2939478264494681e-03
   7.3714160647844170e-03
   5.6942750836381827e-03
   2.9465653628490134e-03
   1.7616025180043564e-02
   3.3580339555388801e-03
   4.1151028150371548e-03
   3.1487561100167799e-03
   1.6921489541318825e-03
   1.9690210424287902e-01
   7.2057864073622441e-02
   2.4733556368487425e-02
   7.4151893193258921e-03
   7.1771461922479646e-03
   2.5511886523048703e-02
   4.1826386934725743e-03
   4.7796225077905968e-03
   1.0196666979332771e-02
   2.5050808241878497e-03
   6.1782822124253510e-04
   2.5421838685134811e-03
   1.0950817621861614e-02
   2.8056571720393125e-03
   2.9845021834516254e-03
   3.9791972818893368e-03
   1.7137437597056770e-02
   1.6579224379618340e-02
   1.7067817277928901e-02
   4.4173467154425793e-03
   1.0703602955736902e-02
   8.0826272290487663e-03
   1.9018019989786240e-02
   9.2098927555263731e-03
   9.7310029286391733e-03
   2.8723592741977510e-03
   1.3903219418649490e-03
   1.4729408331509447e-01
   1.8441046806115750e-02
   1.0056592564800050e-02
   1.3193258918800613e-02
   1.1462339367789138e-02
   6.1432636087921707e-03
   5.7084492803468508e-03
   5.3878623018478568e-03
   2.2316022053382525e-03
   4.8267308674399944e-03
   2.7256146494491866e-03
   8.5061855777548486e-03
   1.9085138980083169e-03
   2.5180043564810473e-03
   3.4901874954402861e-03
   6.8590605425799126e-03
   4.8438232811180938e-03
   7.2571887148380910e-03
   3.7549114633815880e-03
   7.0345704488843034e-03
   5.8305975049244910e-03
   1.6251550302765011e-02
   8.0401046389227612e-03
   8.2089443350113079e-03
   8.8380285359930793e-03
   1.6875631846084900e-03
   2.0658391437117635e-01
   1.3672263389925898e-02
   1.6846449676390582e-02
   1.3554700934871650e-02
   8.7609042303723860e-03
   8.5883125410374257e-03
   4.7458545685728874e-03
   2.4454658203837457e-03
   1.3094456429978427e-03
   1.8555691044200564e-03
   4.3714890202086526e-03
   1.1460254927096686e-03
   2.2641194801404914e-03
   3.1445872286318772e-03
   5.8485236948795719e-03
   4.8830107661361763e-03
   5.7272092465789114e-03
   2.9094623185233824e-03
   5.0310060553002117e-03
   3.0207714515002762e-03
   9.0193748762363336e-03
   5.6888555378378095e-03
   5.6129818966325863e-03
   3.6861249205306988e-03
   8.6879488061365935e-04
   2.4847783718433752e-01
   2.1337001948952047e-01
   1.8766344620579684e-01
   1.4123336355772337e-02
   1.3725208183514158e-02
   2.2091319346736287e-02
   4.8621663592116641e-03
   1.9218543184400046e-03
   4.5394949400202195e-03
   1.6974017446768595e-02
   3.8670543726354624e-03
   4.6053632659016769e-03
   6.7169016873547408e-03
   2.2203045367851670e-02
   1.6581725708449280e-02
   2.2407320555711888e-02
   6.2741664842781058e-03
   1.1066712524361901e-02
   6.6881364057989143e-03
   1.6801425757433635e-02
   7.1538004564925114e-03
   8.0922156562340409e-03
   3.1562600965096043e-03
   1.5328976852286111e-03
   4.7961312780748104e-02
   7.3366475940343304e-02
   6.6768804260596776e-03
   7.2651095894694052e-03
   7.0324860081918518e-03
   3.4068098677422381e-03
   1.3248705041219815e-03
   1.9935590782603260e-03
   6.3204410676505228e-03
   1.4853724374407236e-03
   3.5356283025357220e-03
   5.0714442047337651e-03
   8.7696588812806800e-03
   7.0800112559797389e-03
   1.1336439149965086e-02
   4.2493407956310124e-03
   6.3258606134508960e-03
   5.4787439160387287e-03
   7.3860071496315753e-03
   6.2912588979562060e-03
   7.6086254155853629e-03
   4.1684644967639062e-03
   1.0893287058749961e-03
   6.7013517597890551e-02
   7.0966867815193489e-03
   9.8085441223983577e-03
   3.8045211518619266e-03
   2.6038833130100367e-03
   3.5410478483360952e-03
   1.5266443631512575e-03
   5.6809346632064953e-03
   1.7150778017488457e-03
   3.4601715494689887e-03
   3.7424048192268807e-03
   5.7430509958415407e-03
   3.8574659454501869e-03
   7.4368675025273841e-03
   3.8028535993079658e-03
   7.4760549875454666e-03
   4.4907190278168614e-03
   6.6293551782717905e-03
   5.1890066597880128e-03
   5.8397690439712761e-03
   7.9688167672409306e-03
   1.2427435408394042e-03
   3.6428519317554114e-02
   1.0189579880978437e-02
   6.4901145400160501e-03
   1.6896476253009411e-03
   3.5718975705843728e-03
   2.0344141158323693e-03
   5.0860352895809235e-03
   2.1761560829190508e-03
   2.9953412750523714e-03
   2.5880415637474074e-03
   5.0093278720987188e-03
   4.4990567905866660e-03
   6.8006962031912791e-03
   2.8856996946294384e-03
   7.0712566050714441e-03
   3.5952433063398265e-03
   5.3515930337992056e-03
   3.7640830024283736e-03
   4.7525247787887316e-03
   5.1152174592752403e-03
   9.0589792493929065e-04
   3.2549792077040930e-02
   9.8560693701862448e-03
   2.3245682602215760e-03
   5.0776975268111181e-04
   1.3469655754619642e-03
   3.0149350175614127e-03
   1.2077249372062242e-03
   2.2332697578922134e-03
   2.7718892328216032e-03
   5.4574826209757270e-03
   6.9090871191987407e-03
   8.3394303223587526e-03
   5.5116780789794574e-03
   8.7529833557410709e-03
   4.7266777142023365e-03
   5.2407007889608021e-03
   5.3682685593388155e-03
   3.6832067035612670e-03
   1.8809992808679610e-03
   5.3486748168297743e-04
   6.7515867804771285e-02
   1.5804229330164984e-03
   1.5512407633221817e-03
   1.8080438566321691e-03
   4.5119803228798631e-03
   2.0473376481255669e-03
   4.0133821092455365e-03
   4.8834276542746666e-03
   6.4459243973360846e-03
   6.6860519651064628e-03
   1.0319648980187392e-02
   1.0578953402328320e-02
   6.9070026785062900e-03
   3.4689262003772836e-03
   2.7981531855464882e-03
   4.5770148724843408e-03
   4.1009286183284867e-03
   4.2276626124295195e-03
   2.0827731398972370e-03
   7.8675129495878016e-02
   6.3908951630553728e-03
   9.4721153946367345e-03
   2.2920926742331864e-02
   8.9735171810024078e-03
   9.3641413667677614e-03
   1.0085774734494367e-02
   2.4846533054018280e-02
   2.9512761988139534e-02
   2.6050089109839601e-02
   7.5169100251175104e-03
   6.9603643602330406e-03
   6.1653586801321538e-03
   1.2340305787449582e-02
   9.4917091371457749e-03
   1.0673170121627114e-02
   2.1336334927930462e-03
   1.5224754817663550e-03
   3.9951640975935135e-02
   4.5207349737881580e-03
   2.6979332770534346e-02
   1.2700497139105149e-02
   9.4583580860665567e-03
   9.7047389759142878e-03
   1.2911442537181211e-02
   1.0811993871744365e-02
   1.3553033382317690e-02
   4.1351134456846864e-03
   5.1298085441223986e-03
   2.5130016988191644e-03
   4.4281858070433248e-03
   7.4060177802791069e-03
   7.3943449124013799e-03
   6.4467581736130652e-03
   1.1493605978175907e-03
   1.0425663633805460e-01
   6.0452532074331156e-02
   2.3120199272530197e-02
   1.0199168308163711e-02
   1.3497587259898488e-02
   1.4382223889774776e-02
   1.0742373552616494e-02
   1.2400337679392177e-02
   6.6672919988744021e-03
   4.6728991443370956e-03
   3.0120168005919813e-03
   5.3353343963980868e-03
   5.0810326319190406e-03
   5.6179845542944692e-03
   3.1916955882812744e-03
   1.0134550646697725e-03
   1.9574273832973768e-01
   4.7439785719496814e-02
   1.5578692847241764e-02
   1.5670825125848106e-02
   1.8203837455314804e-02
   3.4260284109266383e-02
   1.7065315949097958e-02
   6.1040761237740881e-03
   2.7681372395751908e-03
   3.2413052767616131e-03
   7.1875683957102207e-03
   4.8063033486539725e-03
   6.2178865855819238e-03
   1.4044961385736173e-03
   9.1965523350946861e-04
   2.6139928503684251e-01
   1.6182763759914121e-02
   1.4788272936664270e-02
   8.0780414595253737e-03
   9.2916028306704607e-03
   7.2009088161419091e-03
   4.9455439869097121e-03
   1.6771409811462338e-03
   1.8047087515242473e-03
   1.8388935788804469e-03
   2.4154498744124483e-03
   2.1590636692409510e-03
   9.0506414866231024e-04
   4.8150579995622677e-04
   2.4971391051496108e-01
   2.5620694327194656e-02
   1.5243514783895611e-02
   2.8602695181815341e-03
   2.1307152758236144e-03
   6.6960572804302286e-03
   9.8510667125243615e-04
   5.0651908826564109e-04
   5.3319992912901650e-04
   2.9974257157448227e-04
   3.2433897174540639e-04
   5.5529500046899911e-04
   1.0755713973048182e-04
   2.3579234801821802e-01
   1.5300378325985681e-01
   1.1266860519651065e-01
   1.6488342765427468e-02
   4.8075540130694434e-03
   3.0991464215364413e-03
   1.1205953162617640e-03
   1.5741696109391448e-03
   1.1168433230153518e-03
   2.6126379639183316e-03
   6.7660944876965891e-04
   5.2778038332864329e-04
   2.0420890264619745e-01
   1.4981917476992987e-01
   7.7058854182951358e-02
   1.4249653461734881e-02
   8.5820592189600718e-03
   5.7401327788721094e-03
   8.1805959415939718e-03
   7.1325391614295098e-03
   8.8747146921802200e-03
   1.9335271863177312e-03
   1.3048598734744499e-03
   1.5872140407925042e-01
   6.0159042824834023e-02
   9.7656046441338632e-03
   2.5059146004648303e-03
   8.7713264338346410e-04
   1.4607760372697997e-03
   2.3254020364985566e-03
   2.5004950546644571e-03
   1.7763603581069109e-03
   1.2068911609292438e-03
   1.7436137948285027e-01
   2.2153435679371333e-02
   5.6492511646812366e-03
   1.6692201065149194e-03
   1.7146609136103556e-03
   1.5729189465236741e-03
   5.7301274635483436e-03
   3.9362578036248423e-03
   2.0981980010213760e-03
   3.1262316438941523e-01
   2.4545956706166817e-02
   4.8730054508124105e-03
   6.1545195885314074e-03
   1.6761404496138575e-02
   2.3071006472188349e-02
   6.7152341348007795e-03
   4.9668052819727146e-03
   4.2435877393198468e-01
   3.4695098437711701e-02
   5.1459421150819709e-02
   2.9459400306412781e-02
   2.0161127265526477e-02
   5.6905230903917707e-03
   1.5449874412448281e-03
   4.1889962375845502e-01
   4.0051027108151205e-01
   2.4272936664269559e-01
   3.1306631648063035e-02
   8.7621548947878561e-03
   2.0256594649240740e-03
   8.8641257334625689e-02
   2.0225036217157030e-01
   4.7843750325693858e-02
   2.7317012162711440e-02
   5.9602497159949560e-03
   5.7733170746959321e-02
   2.6745458524841323e-02
   9.4912922490072854e-03
   3.0141012412844326e-04
   3.5089891504861956e-02
   3.3838810201252748e-03
   1.2327382255156384e-03
   1.5632054528968514e-02
   1.2435773171163849e-03
   1.6765990265661966e-02
